##### Liste modelli stampati #####
# ProcessingIncrease1_Mid_diff_MEAN
model_list <- list (
  list(
    "Model365_n10000_inter10_chv5000_rep30_w100f100"
    ,"Model366_n10000_inter10_chv5000_rep30_w100f100"
    ,"Model367_n10000_inter10_chv5000_rep30_w100f100"
  )
  ,list(
    "Model362_n10000_inter10_chv5000_rep30_w100f100"
    ,"Model363_n10000_inter10_chv5000_rep30_w100f100"
  )
  ,list(
    "Model368_n10000_inter10_chv5000_rep30_w100f100"
    ,"Model369_n10000_inter10_chv5000_rep30_w100f100"
    ,"Model370_n10000_inter10_chv5000_rep30_w100f100"
  )
)

# ProcessingIncrease2_Processing_time_MEAN
model_list <- list (
  list(
    "Model430_n10000_inter10_chv5000_rep30_w100f100"
    ,"Model431_n10000_inter10_chv5000_rep30_w100f100"
    ,"Model432_n10000_inter10_chv5000_rep30_w100f100"
  )
)

# ProcessingIncrease3_Input_diff_MEAN_Mid_diff_MEAN_Output_diff_MEAN
model_list <- list(
  "Model367_n10000_inter10_chv5000_rep30_w100f100"
)

# ProcessingIncrease4_Processing_time_MEAN
model_list <- list (
  list(
    "Model365_n10000_inter10_chv5000_rep30_w100f100"
    ,"Model366_n10000_inter10_chv5000_rep30_w100f100"
    ,"Model367_n10000_inter10_chv5000_rep30_w100f100"
  )
  ,list(
    "Model362_n10000_inter10_chv5000_rep30_w100f100"
    ,"Model363_n10000_inter10_chv5000_rep30_w100f100"
  )
  ,list(
    "Model368_n10000_inter10_chv5000_rep30_w100f100"
    ,"Model369_n10000_inter10_chv5000_rep30_w100f100"
    ,"Model370_n10000_inter10_chv5000_rep30_w100f100"
  )
)

# ProcessingIncrease5_Processing_time_MEAN
model_list <- list (
  list(
    "Model371_n10000_inter10_chv5000_rep30_w100f100"
    ,"Model372_n10000_inter10_chv5000_rep30_w100f100"
    ,"Model373_n10000_inter10_chv5000_rep30_w100f100"
  )
)

# ProcessingIncrease6_Utilization
model_list <- list (
  list(
    "Model365_n10000_inter10_chv5000_rep30_w100f100"
    ,"Model366_n10000_inter10_chv5000_rep30_w100f100"
    ,"Model367_n10000_inter10_chv5000_rep30_w100f100"
  )
  ,list(
    "Model362_n10000_inter10_chv5000_rep30_w100f100"
    ,"Model363_n10000_inter10_chv5000_rep30_w100f100"
  )
  ,list(
    "Model368_n10000_inter10_chv5000_rep30_w100f100"
    ,"Model369_n10000_inter10_chv5000_rep30_w100f100"
    ,"Model370_n10000_inter10_chv5000_rep30_w100f100"
  )
)

# ProcessingIncrease7_Blocking_time_MEAN
model_list <- list (
  list(
    "Model365_n10000_inter10_chv5000_rep30_w100f100"
    ,"Model366_n10000_inter10_chv5000_rep30_w100f100"
    ,"Model367_n10000_inter10_chv5000_rep30_w100f100"
  )
  ,list(
    "Model362_n10000_inter10_chv5000_rep30_w100f100"
    ,"Model363_n10000_inter10_chv5000_rep30_w100f100"
  )
  ,list(
    "Model368_n10000_inter10_chv5000_rep30_w100f100"
    ,"Model369_n10000_inter10_chv5000_rep30_w100f100"
    ,"Model370_n10000_inter10_chv5000_rep30_w100f100"
  )
)

# ProcessingIncrease8_Starving_time_MEAN
model_list <- list (
  list(
    "Model365_n10000_inter10_chv5000_rep30_w100f100"
    ,"Model366_n10000_inter10_chv5000_rep30_w100f100"
    ,"Model367_n10000_inter10_chv5000_rep30_w100f100"
  )
  ,list(
    "Model362_n10000_inter10_chv5000_rep30_w100f100"
    ,"Model363_n10000_inter10_chv5000_rep30_w100f100"
  )
  ,list(
    "Model368_n10000_inter10_chv5000_rep30_w100f100"
    ,"Model369_n10000_inter10_chv5000_rep30_w100f100"
    ,"Model370_n10000_inter10_chv5000_rep30_w100f100"
  )
)

# ProcessingIncrease9_Blocking_time_MEAN_Starving_time_MEAN
model_list <- list (
  list(
    "Model350_n10000_inter10_chv5000_rep30_w100f100"
    ,"Model366_n10000_inter10_chv5000_rep30_w100f100"
    ,"Model382_n10000_inter10_chv5000_rep30_w100f100"
  ),
  list(
    "Model350_n10000_inter10_chv5000_rep30_w100f100"
    ,"Model366_n10000_inter10_chv5000_rep30_w100f100"
    ,"Model382_n10000_inter10_chv5000_rep30_w100f100"
  )
)

# ProcessingIncrease10_Blocking_prob_Starving_prob
model_list <- list (
  list(
    "Model365_n10000_inter10_chv5000_rep30_w100f100"
    ,"Model366_n10000_inter10_chv5000_rep30_w100f100"
    ,"Model367_n10000_inter10_chv5000_rep30_w100f100"
  ),
  list(
    "Model365_n10000_inter10_chv5000_rep30_w100f100"
    ,"Model366_n10000_inter10_chv5000_rep30_w100f100"
    ,"Model367_n10000_inter10_chv5000_rep30_w100f100"
  )
)

# ProcessingIncrease11_Blocking_time_MEAN_Starving_time_MEAN
model_list <- list (
  list(
    "Model371_n10000_inter10_chv5000_rep30_w100f100"
    ,"Model372_n10000_inter10_chv5000_rep30_w100f100"
    ,"Model373_n10000_inter10_chv5000_rep30_w100f100"
  ),
  list(
    "Model371_n10000_inter10_chv5000_rep30_w100f100"
    ,"Model372_n10000_inter10_chv5000_rep30_w100f100"
    ,"Model373_n10000_inter10_chv5000_rep30_w100f100"
  )
)

# ProcessingIncrease12_Waiting_time_MEAN
model_list <- list (
  list(
    "Model365_n10000_inter10_chv5000_rep30_w100f100"
    ,"Model366_n10000_inter10_chv5000_rep30_w100f100"
    ,"Model367_n10000_inter10_chv5000_rep30_w100f100"
  )
  ,list(
    "Model362_n10000_inter10_chv5000_rep30_w100f100"
    ,"Model363_n10000_inter10_chv5000_rep30_w100f100"
  )
  ,list(
    "Model368_n10000_inter10_chv5000_rep30_w100f100"
    ,"Model369_n10000_inter10_chv5000_rep30_w100f100"
    ,"Model370_n10000_inter10_chv5000_rep30_w100f100"
  )
)

# ProcessingIncrease13_Average_Queue
model_list <- list (
  list(
    "Model365_n10000_inter10_chv5000_rep30_w100f100"
    ,"Model366_n10000_inter10_chv5000_rep30_w100f100"
    ,"Model367_n10000_inter10_chv5000_rep30_w100f100"
  )
  ,list(
    "Model362_n10000_inter10_chv5000_rep30_w100f100"
    ,"Model363_n10000_inter10_chv5000_rep30_w100f100"
  )
  ,list(
    "Model368_n10000_inter10_chv5000_rep30_w100f100"
    ,"Model369_n10000_inter10_chv5000_rep30_w100f100"
    ,"Model370_n10000_inter10_chv5000_rep30_w100f100"
  )
)

# ProcessingIncrease14_Waiting_time_MEAN
model_list <- list (
  list(
    "Model349_n10000_inter10_chv5000_rep30_w100f100"
    ,"Model365_n10000_inter10_chv5000_rep30_w100f100"
    ,"Model381_n10000_inter10_chv5000_rep30_w100f100"
  )
  ,list(
    "Model350_n10000_inter10_chv5000_rep30_w100f100"
    ,"Model366_n10000_inter10_chv5000_rep30_w100f100"
    ,"Model382_n10000_inter10_chv5000_rep30_w100f100"
  )
  ,list(
    "Model351_n10000_inter10_chv5000_rep30_w100f100"
    ,"Model367_n10000_inter10_chv5000_rep30_w100f100"
    ,"Model383_n10000_inter10_chv5000_rep30_w100f100"
  )
)

# ProcessingIncrease15_Waiting_time_MEAN_Average_Queue
model_list <- list (
  list(
    "Model371_n10000_inter10_chv5000_rep30_w100f100"
    ,"Model372_n10000_inter10_chv5000_rep30_w100f100"
    ,"Model373_n10000_inter10_chv5000_rep30_w100f100"
  )
  ,list(
    "Model371_n10000_inter10_chv5000_rep30_w100f100"
    ,"Model372_n10000_inter10_chv5000_rep30_w100f100"
    ,"Model373_n10000_inter10_chv5000_rep30_w100f100"
  )
)

# ProcessingIncrease16_Waiting_time_MEAN_Average_Queue
model_list <- list (
  list(
    "Model363_n10000_inter10_chv5000_rep30_w100f100",
    "Model364_n10000_inter10_chv5000_rep30_w100f100"
  )
  ,list(
    "Model363_n10000_inter10_chv5000_rep30_w100f100",
    "Model364_n10000_inter10_chv5000_rep30_w100f100"
  )
)

# ProcessingIncrease17_Blocking_time_MEAN_Starving_time_MEAN
model_list <- list (
  list(
    "Model365_n10000_inter10_chv5000_rep30_w100f100"
    ,"Model366_n10000_inter10_chv5000_rep30_w100f100"
    ,"Model367_n10000_inter10_chv5000_rep30_w100f100"
  )
  ,list(
    "Model362_n10000_inter10_chv5000_rep30_w100f100"
    ,"Model363_n10000_inter10_chv5000_rep30_w100f100"
  )
  ,list(
    "Model368_n10000_inter10_chv5000_rep30_w100f100"
    ,"Model369_n10000_inter10_chv5000_rep30_w100f100"
    ,"Model370_n10000_inter10_chv5000_rep30_w100f100"
  )
)

# ProcessingIncrease18_Blocking_prop_Starving_prop
model_list <- list (
  list(
    "Model350_n10000_inter10_chv5000_rep30_w100f100"
    ,"Model366_n10000_inter10_chv5000_rep30_w100f100"
    ,"Model382_n10000_inter10_chv5000_rep30_w100f100"
  ),
  list(
    "Model350_n10000_inter10_chv5000_rep30_w100f100"
    ,"Model366_n10000_inter10_chv5000_rep30_w100f100"
    ,"Model382_n10000_inter10_chv5000_rep30_w100f100"
  )
)

# ProcessingIncrease19_Waiting_time_MEAN
